0000000000000000000000000000000000000000
0000000000000000000000000000000000000000
0000000000000000001000000000000000000000
0000000000000000001000000000000000000000
0000000000000000000000000000000000000000
0000000000000000000000000000000000000000
0000000000000000000000000000000000000000
0000000000000000000000000101000000000000
0000000000000001000000010000000000000000
0000000000001001000001000001000000000000
0000000000010000100010000000000000000000
0000000000000000101000000000000000000000
0000000000000000000000000000000000000000
0000000000100000000000000000100000000000
0000000000000000000000000000000000000000
0000000011000000000000000000000000000000
0000000010000000000000000000100000000000
0000000000000000000000000000100000000000
0000000010000000000000000000000000000000
0000000000000000000000000000100000000000
0000000000000000000000000001000000000000
0000000000000000000000000000000000000000
0000000001000000000000000011000000000000
0000000000100000000000000010000000000000
0000000000011000000000000010000000000000
0000000000000100000000000010000000000000
0000000000000000000000000100000000000000
0000000000000000000000000100000000000000
0000000000000001100000001100000000000000
0000000000000000110000010000000000000000
0000000000000000010000000000000000000000
0000000000000000001000010000000000000000
0000000000000000000000100000000000000000
0000000000000000000000000000000000000000
0000000000000000000000000000000000000000
0000000000000000000000000000000000000000
0000000000000000000000000000000000000000
0000000000000000000000000000000000000000
0000000000000000000000000000000000000000
0000000000000000000000000000000000000000
